@mui\icons-material: 5.93 MB (54.8%)
@mui\material: 1.28 MB (11.8%)
@mui\base: 387.29 KB (3.49%)
lodash: 239.44 KB (2.16%)
@mui\system: 161.76 KB (1.46%)
immutable: 139.01 KB (1.25%)
react-dom: 129.98 KB (1.17%)
core-js-pure: 108.07 KB (0.975%)
js-yaml: 105.01 KB (0.948%)
axios: 87.01 KB (0.785%)
i18next: 82.68 KB (0.746%)
@popperjs\core: 68.84 KB (0.621%)
buffer: 56.99 KB (0.514%)
react-transition-group: 55.52 KB (0.501%)
react-redux: 46.93 KB (0.423%)
@emotion\cache: 40.02 KB (0.361%)
@mui\utils: 34.3 KB (0.309%)
redux: 28.94 KB (0.261%)
react-i18next: 25.61 KB (0.231%)
stylis: 23.54 KB (0.212%)
@emotion\react: 23.27 KB (0.210%)
@emotion\styled: 19 KB (0.171%)
sha.js: 18.57 KB (0.168%)
url-parse: 16.23 KB (0.146%)
@emotion\serialize: 13.35 KB (0.120%)
js-base64: 10.11 KB (0.0912%)
reselect: 8.85 KB (0.0799%)
react: 7.98 KB (0.0720%)
redux-immutable: 5.43 KB (0.0490%)
process: 5.29 KB (0.0477%)
@emotion\sheet: 4.66 KB (0.0421%)
scheduler: 4.33 KB (0.0391%)
@emotion\is-prop-valid: 4.33 KB (0.0390%)
deep-extend: 4.19 KB (0.0378%)
@babel\runtime: 3.93 KB (0.0355%)
base64-js: 3.84 KB (0.0346%)
@mui\styled-engine: 3.55 KB (0.0320%)
@mui\private-theming: 3.5 KB (0.0316%)
css.escape: 3.08 KB (0.0278%)
@babel\runtime-corejs3: 2.95 KB (0.0267%)
serialize-error: 2.93 KB (0.0264%)
hoist-non-react-statics: 2.68 KB (0.0242%)
prop-types: 2.6 KB (0.0235%)
use-sync-external-store: 2.59 KB (0.0234%)
querystringify: 2.5 KB (0.0226%)
react-is: 2.4 KB (0.0217%)
ieee754: 2.1 KB (0.0190%)
html-parse-stringify: 2.09 KB (0.0189%)
@emotion\utils: 1.72 KB (0.0155%)
safe-buffer: 1.63 KB (0.0147%)
@emotion\hash: 1.62 KB (0.0146%)
clipboard-copy: 1.61 KB (0.0145%)
dom-helpers: 1.57 KB (0.0142%)
randombytes: 1.54 KB (0.0139%)
@braintree\sanitize-url: 1.38 KB (0.0124%)
@emotion\unitless: 924 B (0.00814%)
inherits: 753 B (0.00664%)
requires-port: 753 B (0.00664%)
@emotion\use-insertion-effect-with-fallbacks: 472 B (0.00416%)
@emotion\weak-memoize: 379 B (0.00334%)
clsx: 374 B (0.00330%)
void-elements: 338 B (0.00298%)
@emotion\memoize: 202 B (0.00178%)
<self>: 1.64 MB (15.1%)
