@mui/icons-material: 5.93 MB (50.2%)
@mui/material: 1.28 MB (10.8%)
ace-builds: 940.55 KB (7.77%)
@mui/base: 367.57 KB (3.04%)
lodash: 239.44 KB (1.98%)
@mui/system: 161.17 KB (1.33%)
immutable: 139.01 KB (1.15%)
core-js-pure: 130.65 KB (1.08%)
react-dom: 129.98 KB (1.07%)
js-yaml: 105.01 KB (0.868%)
axios: 87.01 KB (0.719%)
i18next: 82.68 KB (0.683%)
diff-match-patch: 76.22 KB (0.630%)
@popperjs/core: 68.84 KB (0.569%)
buffer: 56.99 KB (0.471%)
react-transition-group: 55.52 KB (0.459%)
lodash.isequal: 48.44 KB (0.400%)
react-ace: 48.4 KB (0.400%)
react-redux: 46.93 KB (0.388%)
@emotion/cache: 40.02 KB (0.331%)
@mui/utils: 34.15 KB (0.282%)
redux: 28.94 KB (0.239%)
react-i18next: 25.61 KB (0.212%)
stylis: 23.54 KB (0.195%)
@emotion/react: 23.27 KB (0.192%)
lodash.get: 22.85 KB (0.189%)
@emotion/styled: 19 KB (0.157%)
sha.js: 18.57 KB (0.153%)
url-parse: 16.23 KB (0.134%)
@emotion/serialize: 13.35 KB (0.110%)
js-base64: 10.11 KB (0.0835%)
react-hot-toast: 9.31 KB (0.0769%)
reselect: 8.85 KB (0.0731%)
react: 7.98 KB (0.0660%)
redux-immutable: 5.43 KB (0.0449%)
process: 5.29 KB (0.0437%)
@emotion/sheet: 4.66 KB (0.0385%)
scheduler: 4.33 KB (0.0358%)
@emotion/is-prop-valid: 4.33 KB (0.0357%)
deep-extend: 4.19 KB (0.0346%)
@babel/runtime: 3.93 KB (0.0325%)
base64-js: 3.84 KB (0.0317%)
@mui/styled-engine: 3.55 KB (0.0293%)
@mui/private-theming: 3.5 KB (0.0290%)
css.escape: 3.08 KB (0.0254%)
serialize-error: 2.93 KB (0.0242%)
hoist-non-react-statics: 2.68 KB (0.0221%)
prop-types: 2.6 KB (0.0215%)
use-sync-external-store: 2.59 KB (0.0214%)
querystringify: 2.5 KB (0.0207%)
react-is: 2.4 KB (0.0199%)
goober: 2.23 KB (0.0184%)
ieee754: 2.1 KB (0.0174%)
html-parse-stringify: 2.09 KB (0.0173%)
@emotion/utils: 1.72 KB (0.0142%)
@babel/runtime-corejs3: 1.65 KB (0.0136%)
safe-buffer: 1.63 KB (0.0135%)
@emotion/hash: 1.62 KB (0.0134%)
clipboard-copy: 1.61 KB (0.0133%)
dom-helpers: 1.57 KB (0.0130%)
randombytes: 1.54 KB (0.0127%)
@braintree/sanitize-url: 1.38 KB (0.0114%)
@emotion/unitless: 924 B (0.00746%)
inherits: 753 B (0.00608%)
requires-port: 753 B (0.00608%)
@emotion/use-insertion-effect-with-fallbacks: 472 B (0.00381%)
@emotion/weak-memoize: 379 B (0.00306%)
clsx: 374 B (0.00302%)
void-elements: 338 B (0.00273%)
@emotion/memoize: 202 B (0.00163%)
<self>: 1.51 MB (12.8%)
