@mui\icons-material: 5.93 MB (54.3%)
@mui\material: 1.28 MB (11.7%)
@mui\base: 387.29 KB (3.46%)
lodash: 239.44 KB (2.14%)
core-js-pure: 172.67 KB (1.54%)
@mui\system: 161.76 KB (1.45%)
immutable: 139.01 KB (1.24%)
react-dom: 129.98 KB (1.16%)
js-yaml: 105.01 KB (0.939%)
axios: 87.01 KB (0.778%)
i18next: 82.68 KB (0.739%)
@popperjs\core: 68.84 KB (0.616%)
buffer: 56.99 KB (0.509%)
react-transition-group: 55.52 KB (0.496%)
@emotion\cache: 40.02 KB (0.358%)
react-redux: 36.88 KB (0.330%)
@mui\utils: 34.3 KB (0.307%)
react-i18next: 25.61 KB (0.229%)
x2js: 24.59 KB (0.220%)
stylis: 23.54 KB (0.210%)
@emotion\react: 23.27 KB (0.208%)
@emotion\styled: 19 KB (0.170%)
sha.js: 18.57 KB (0.166%)
redux: 16.37 KB (0.146%)
url-parse: 16.23 KB (0.145%)
@emotion\serialize: 13.35 KB (0.119%)
js-base64: 10.11 KB (0.0904%)
reselect: 8.85 KB (0.0791%)
react: 7.98 KB (0.0714%)
redux-immutable: 5.43 KB (0.0486%)
process: 5.29 KB (0.0473%)
@emotion\sheet: 4.66 KB (0.0417%)
scheduler: 4.33 KB (0.0387%)
@emotion\is-prop-valid: 4.33 KB (0.0387%)
deep-extend: 4.19 KB (0.0375%)
base64-js: 3.84 KB (0.0343%)
@mui\styled-engine: 3.55 KB (0.0317%)
@mui\private-theming: 3.5 KB (0.0313%)
css.escape: 3.08 KB (0.0275%)
@babel\runtime-corejs3: 3 KB (0.0269%)
serialize-error: 2.93 KB (0.0262%)
hoist-non-react-statics: 2.68 KB (0.0239%)
prop-types: 2.6 KB (0.0233%)
querystringify: 2.5 KB (0.0224%)
react-is: 2.4 KB (0.0215%)
ieee754: 2.1 KB (0.0188%)
html-parse-stringify: 2.09 KB (0.0187%)
@emotion\utils: 1.72 KB (0.0154%)
safe-buffer: 1.63 KB (0.0146%)
@babel\runtime: 1.63 KB (0.0146%)
@emotion\hash: 1.62 KB (0.0145%)
clipboard-copy: 1.61 KB (0.0144%)
dom-helpers: 1.57 KB (0.0140%)
randombytes: 1.54 KB (0.0138%)
@braintree\sanitize-url: 1.38 KB (0.0123%)
use-sync-external-store: 1.28 KB (0.0115%)
@emotion\unitless: 924 B (0.00807%)
inherits: 753 B (0.00657%)
requires-port: 753 B (0.00657%)
@emotion\use-insertion-effect-with-fallbacks: 472 B (0.00412%)
@emotion\weak-memoize: 379 B (0.00331%)
clsx: 374 B (0.00327%)
void-elements: 338 B (0.00295%)
@emotion\memoize: 202 B (0.00176%)
<self>: 1.68 MB (15.3%)
