@mui/icons-material: 5.93 MB (48.9%)
@mui/material: 1.28 MB (10.5%)
ace-builds: 940.55 KB (7.57%)
@mui/base: 387.29 KB (3.12%)
lodash: 239.44 KB (1.93%)
core-js-pure: 163.59 KB (1.32%)
@mui/system: 162.12 KB (1.31%)
immutable: 139.01 KB (1.12%)
react-dom: 129.98 KB (1.05%)
js-yaml: 105.01 KB (0.846%)
react-redux: 90.92 KB (0.732%)
axios: 87.01 KB (0.701%)
@reduxjs/toolkit: 84.36 KB (0.679%)
i18next: 82.68 KB (0.666%)
diff-match-patch: 76.22 KB (0.614%)
@popperjs/core: 68.84 KB (0.554%)
buffer: 56.99 KB (0.459%)
react-transition-group: 55.52 KB (0.447%)
lodash.isequal: 48.44 KB (0.390%)
react-ace: 48.4 KB (0.390%)
@emotion/cache: 40.02 KB (0.322%)
@mui/utils: 34.3 KB (0.276%)
redux: 28.94 KB (0.233%)
react-i18next: 25.61 KB (0.206%)
stylis: 23.54 KB (0.190%)
@emotion/react: 23.27 KB (0.187%)
lodash.get: 22.85 KB (0.184%)
@emotion/styled: 19 KB (0.153%)
sha.js: 18.57 KB (0.150%)
immer: 17.99 KB (0.145%)
url-parse: 16.23 KB (0.131%)
@emotion/serialize: 13.35 KB (0.108%)
js-base64: 10.11 KB (0.0814%)
react-hot-toast: 9.31 KB (0.0750%)
reselect: 8.85 KB (0.0713%)
react: 7.98 KB (0.0643%)
redux-immutable: 5.43 KB (0.0438%)
process: 5.29 KB (0.0426%)
@emotion/sheet: 4.66 KB (0.0376%)
scheduler: 4.33 KB (0.0349%)
@emotion/is-prop-valid: 4.33 KB (0.0348%)
deep-extend: 4.19 KB (0.0338%)
@babel/runtime: 3.93 KB (0.0317%)
@babel/runtime-corejs3: 3.86 KB (0.0311%)
base64-js: 3.84 KB (0.0309%)
@mui/styled-engine: 3.55 KB (0.0286%)
@mui/private-theming: 3.5 KB (0.0282%)
css.escape: 3.08 KB (0.0248%)
serialize-error: 2.93 KB (0.0236%)
hoist-non-react-statics: 2.68 KB (0.0216%)
prop-types: 2.6 KB (0.0209%)
use-sync-external-store: 2.59 KB (0.0209%)
querystringify: 2.5 KB (0.0202%)
react-is: 2.4 KB (0.0194%)
goober: 2.23 KB (0.0180%)
ieee754: 2.1 KB (0.0169%)
html-parse-stringify: 2.09 KB (0.0169%)
@emotion/utils: 1.72 KB (0.0139%)
safe-buffer: 1.63 KB (0.0131%)
@emotion/hash: 1.62 KB (0.0130%)
clipboard-copy: 1.61 KB (0.0130%)
dom-helpers: 1.57 KB (0.0127%)
randombytes: 1.54 KB (0.0124%)
@braintree/sanitize-url: 1.38 KB (0.0111%)
redux-thunk: 1.27 KB (0.0103%)
@emotion/unitless: 924 B (0.00727%)
inherits: 753 B (0.00592%)
requires-port: 753 B (0.00592%)
@emotion/use-insertion-effect-with-fallbacks: 472 B (0.00371%)
@emotion/weak-memoize: 379 B (0.00298%)
clsx: 374 B (0.00294%)
void-elements: 338 B (0.00266%)
@emotion/memoize: 202 B (0.00159%)
<self>: 1.62 MB (13.3%)
