@mui\icons-material: 5.93 MB (55.0%)
@mui\material: 1.28 MB (11.9%)
@mui\base: 387.29 KB (3.50%)
lodash: 239.44 KB (2.17%)
@mui\system: 161.76 KB (1.46%)
immutable: 139.01 KB (1.26%)
react-dom: 129.98 KB (1.18%)
core-js-pure: 108.07 KB (0.978%)
js-yaml: 105.01 KB (0.950%)
axios: 87.01 KB (0.787%)
i18next: 82.68 KB (0.748%)
@popperjs\core: 68.84 KB (0.623%)
buffer: 56.99 KB (0.516%)
react-transition-group: 55.52 KB (0.502%)
@emotion\cache: 40.02 KB (0.362%)
react-redux: 36.88 KB (0.334%)
@mui\utils: 34.3 KB (0.310%)
react-i18next: 25.61 KB (0.232%)
stylis: 23.54 KB (0.213%)
@emotion\react: 23.27 KB (0.211%)
@emotion\styled: 19 KB (0.172%)
sha.js: 18.57 KB (0.168%)
redux: 16.37 KB (0.148%)
url-parse: 16.23 KB (0.147%)
@emotion\serialize: 13.35 KB (0.121%)
js-base64: 10.11 KB (0.0915%)
reselect: 8.85 KB (0.0801%)
react: 7.98 KB (0.0723%)
redux-immutable: 5.43 KB (0.0492%)
process: 5.29 KB (0.0479%)
@emotion\sheet: 4.66 KB (0.0422%)
scheduler: 4.33 KB (0.0392%)
@emotion\is-prop-valid: 4.33 KB (0.0391%)
deep-extend: 4.19 KB (0.0379%)
base64-js: 3.84 KB (0.0348%)
@mui\styled-engine: 3.55 KB (0.0321%)
@mui\private-theming: 3.5 KB (0.0317%)
css.escape: 3.08 KB (0.0279%)
@babel\runtime-corejs3: 2.95 KB (0.0267%)
serialize-error: 2.93 KB (0.0265%)
hoist-non-react-statics: 2.68 KB (0.0242%)
prop-types: 2.6 KB (0.0235%)
querystringify: 2.5 KB (0.0227%)
react-is: 2.4 KB (0.0217%)
ieee754: 2.1 KB (0.0190%)
html-parse-stringify: 2.09 KB (0.0189%)
@emotion\utils: 1.72 KB (0.0156%)
safe-buffer: 1.63 KB (0.0148%)
@babel\runtime: 1.63 KB (0.0147%)
@emotion\hash: 1.62 KB (0.0146%)
clipboard-copy: 1.61 KB (0.0146%)
dom-helpers: 1.57 KB (0.0142%)
randombytes: 1.54 KB (0.0139%)
@braintree\sanitize-url: 1.38 KB (0.0125%)
use-sync-external-store: 1.28 KB (0.0116%)
@emotion\unitless: 924 B (0.00817%)
inherits: 753 B (0.00665%)
requires-port: 753 B (0.00665%)
@emotion\use-insertion-effect-with-fallbacks: 472 B (0.00417%)
@emotion\weak-memoize: 379 B (0.00335%)
clsx: 374 B (0.00331%)
void-elements: 338 B (0.00299%)
@emotion\memoize: 202 B (0.00179%)
<self>: 1.63 MB (15.1%)
