@mui/icons-material: 5.93 MB (54.7%)
@mui/material: 1.28 MB (11.8%)
@mui/base: 387.29 KB (3.49%)
lodash: 239.44 KB (2.16%)
@mui/system: 161.76 KB (1.46%)
immutable: 139.01 KB (1.25%)
react-dom: 129.98 KB (1.17%)
core-js-pure: 108.07 KB (0.973%)
js-yaml: 105.01 KB (0.946%)
axios: 87.01 KB (0.783%)
i18next: 82.68 KB (0.744%)
@popperjs/core: 68.84 KB (0.620%)
buffer: 56.99 KB (0.513%)
react-transition-group: 55.52 KB (0.500%)
@emotion/cache: 40.02 KB (0.360%)
react-redux: 36.88 KB (0.332%)
@mui/utils: 34.3 KB (0.309%)
react-i18next: 25.61 KB (0.231%)
x2js: 24.59 KB (0.221%)
stylis: 23.54 KB (0.212%)
@emotion/react: 23.27 KB (0.210%)
@emotion/styled: 19 KB (0.171%)
sha.js: 18.57 KB (0.167%)
redux: 16.37 KB (0.147%)
url-parse: 16.23 KB (0.146%)
@emotion/serialize: 13.35 KB (0.120%)
js-base64: 10.11 KB (0.0910%)
reselect: 8.85 KB (0.0797%)
react: 7.98 KB (0.0719%)
redux-immutable: 5.43 KB (0.0489%)
process: 5.29 KB (0.0476%)
@emotion/sheet: 4.66 KB (0.0420%)
scheduler: 4.33 KB (0.0390%)
@emotion/is-prop-valid: 4.33 KB (0.0389%)
deep-extend: 4.19 KB (0.0377%)
base64-js: 3.84 KB (0.0346%)
@mui/styled-engine: 3.55 KB (0.0320%)
@mui/private-theming: 3.5 KB (0.0316%)
css.escape: 3.08 KB (0.0277%)
@babel/runtime-corejs3: 2.95 KB (0.0266%)
serialize-error: 2.93 KB (0.0264%)
hoist-non-react-statics: 2.68 KB (0.0241%)
prop-types: 2.6 KB (0.0234%)
querystringify: 2.5 KB (0.0225%)
react-is: 2.4 KB (0.0216%)
ieee754: 2.1 KB (0.0189%)
html-parse-stringify: 2.09 KB (0.0188%)
@emotion/utils: 1.72 KB (0.0155%)
safe-buffer: 1.63 KB (0.0147%)
@babel/runtime: 1.63 KB (0.0147%)
@emotion/hash: 1.62 KB (0.0146%)
clipboard-copy: 1.61 KB (0.0145%)
dom-helpers: 1.57 KB (0.0141%)
randombytes: 1.54 KB (0.0139%)
@braintree/sanitize-url: 1.38 KB (0.0124%)
use-sync-external-store: 1.28 KB (0.0116%)
@emotion/unitless: 924 B (0.00813%)
inherits: 753 B (0.00662%)
requires-port: 753 B (0.00662%)
@emotion/use-insertion-effect-with-fallbacks: 472 B (0.00415%)
@emotion/weak-memoize: 379 B (0.00333%)
clsx: 374 B (0.00329%)
void-elements: 338 B (0.00297%)
@emotion/memoize: 202 B (0.00178%)
<self>: 1.66 MB (15.3%)
