@mui/icons-material: 5.93 MB (53.4%)
@mui/material: 1.28 MB (11.5%)
@mui/base: 387.29 KB (3.40%)
lodash: 239.44 KB (2.10%)
core-js-pure: 165.03 KB (1.45%)
@mui/system: 161.76 KB (1.42%)
immutable: 139.01 KB (1.22%)
react-dom: 129.98 KB (1.14%)
js-yaml: 105.01 KB (0.922%)
react-redux: 90.92 KB (0.798%)
axios: 87.01 KB (0.764%)
@reduxjs/toolkit: 84.36 KB (0.741%)
i18next: 82.68 KB (0.726%)
@popperjs/core: 68.84 KB (0.605%)
buffer: 56.99 KB (0.500%)
react-transition-group: 55.52 KB (0.488%)
@emotion/cache: 40.02 KB (0.351%)
@mui/utils: 34.3 KB (0.301%)
redux: 28.94 KB (0.254%)
react-i18next: 25.61 KB (0.225%)
stylis: 23.54 KB (0.207%)
@emotion/react: 23.27 KB (0.204%)
@emotion/styled: 19 KB (0.167%)
sha.js: 18.57 KB (0.163%)
immer: 17.99 KB (0.158%)
url-parse: 16.23 KB (0.143%)
@emotion/serialize: 13.35 KB (0.117%)
js-base64: 10.11 KB (0.0888%)
reselect: 8.85 KB (0.0777%)
react: 7.98 KB (0.0701%)
redux-immutable: 5.43 KB (0.0477%)
process: 5.29 KB (0.0465%)
@emotion/sheet: 4.66 KB (0.0410%)
scheduler: 4.33 KB (0.0380%)
@emotion/is-prop-valid: 4.33 KB (0.0380%)
deep-extend: 4.19 KB (0.0368%)
@babel/runtime: 3.93 KB (0.0345%)
@babel/runtime-corejs3: 3.93 KB (0.0345%)
base64-js: 3.84 KB (0.0337%)
@mui/styled-engine: 3.55 KB (0.0312%)
@mui/private-theming: 3.5 KB (0.0308%)
css.escape: 3.08 KB (0.0270%)
serialize-error: 2.93 KB (0.0257%)
hoist-non-react-statics: 2.68 KB (0.0235%)
prop-types: 2.6 KB (0.0228%)
use-sync-external-store: 2.59 KB (0.0228%)
querystringify: 2.5 KB (0.0220%)
react-is: 2.4 KB (0.0211%)
ieee754: 2.1 KB (0.0185%)
html-parse-stringify: 2.09 KB (0.0184%)
@emotion/utils: 1.72 KB (0.0151%)
safe-buffer: 1.63 KB (0.0143%)
@emotion/hash: 1.62 KB (0.0142%)
clipboard-copy: 1.61 KB (0.0141%)
dom-helpers: 1.57 KB (0.0138%)
randombytes: 1.54 KB (0.0135%)
@braintree/sanitize-url: 1.38 KB (0.0121%)
redux-thunk: 1.27 KB (0.0112%)
@emotion/unitless: 924 B (0.00792%)
inherits: 753 B (0.00646%)
requires-port: 753 B (0.00646%)
@emotion/use-insertion-effect-with-fallbacks: 472 B (0.00405%)
@emotion/weak-memoize: 379 B (0.00325%)
clsx: 374 B (0.00321%)
void-elements: 338 B (0.00290%)
@emotion/memoize: 202 B (0.00173%)
<self>: 1.73 MB (15.6%)
