@mui\icons-material: 5.93 MB (53.7%)
@mui\material: 1.28 MB (11.6%)
@mui\base: 387.29 KB (3.42%)
lodash: 239.44 KB (2.12%)
core-js-pure: 166.41 KB (1.47%)
@mui\system: 162.12 KB (1.43%)
immutable: 139.01 KB (1.23%)
react-dom: 129.98 KB (1.15%)
js-yaml: 105.01 KB (0.928%)
react-redux: 90.92 KB (0.803%)
axios: 87.01 KB (0.769%)
@reduxjs\toolkit: 84.36 KB (0.745%)
i18next: 82.68 KB (0.730%)
@popperjs\core: 68.84 KB (0.608%)
buffer: 56.99 KB (0.503%)
react-transition-group: 55.52 KB (0.490%)
@emotion\cache: 40.02 KB (0.354%)
@mui\utils: 34.3 KB (0.303%)
redux: 28.94 KB (0.256%)
react-i18next: 25.61 KB (0.226%)
stylis: 23.54 KB (0.208%)
@emotion\react: 23.27 KB (0.206%)
@emotion\styled: 19 KB (0.168%)
sha.js: 18.57 KB (0.164%)
immer: 17.99 KB (0.159%)
url-parse: 16.23 KB (0.143%)
@emotion\serialize: 13.35 KB (0.118%)
js-base64: 10.11 KB (0.0893%)
react-hot-toast: 9.31 KB (0.0822%)
reselect: 8.85 KB (0.0782%)
react: 7.98 KB (0.0705%)
redux-immutable: 5.43 KB (0.0480%)
process: 5.29 KB (0.0467%)
@emotion\sheet: 4.66 KB (0.0412%)
scheduler: 4.33 KB (0.0382%)
@emotion\is-prop-valid: 4.33 KB (0.0382%)
deep-extend: 4.19 KB (0.0370%)
@babel\runtime-corejs3: 3.99 KB (0.0352%)
@babel\runtime: 3.93 KB (0.0347%)
base64-js: 3.84 KB (0.0339%)
@mui\styled-engine: 3.55 KB (0.0314%)
@mui\private-theming: 3.5 KB (0.0310%)
css.escape: 3.08 KB (0.0272%)
serialize-error: 2.93 KB (0.0259%)
hoist-non-react-statics: 2.68 KB (0.0237%)
prop-types: 2.6 KB (0.0230%)
use-sync-external-store: 2.59 KB (0.0229%)
querystringify: 2.5 KB (0.0221%)
react-is: 2.4 KB (0.0212%)
goober: 2.23 KB (0.0197%)
ieee754: 2.1 KB (0.0186%)
html-parse-stringify: 2.09 KB (0.0185%)
@emotion\utils: 1.72 KB (0.0152%)
safe-buffer: 1.63 KB (0.0144%)
@emotion\hash: 1.62 KB (0.0143%)
clipboard-copy: 1.61 KB (0.0142%)
dom-helpers: 1.57 KB (0.0139%)
randombytes: 1.54 KB (0.0136%)
@braintree\sanitize-url: 1.38 KB (0.0122%)
redux-thunk: 1.27 KB (0.0112%)
@emotion\unitless: 924 B (0.00797%)
inherits: 753 B (0.00650%)
requires-port: 753 B (0.00650%)
@emotion\use-insertion-effect-with-fallbacks: 472 B (0.00407%)
@emotion\weak-memoize: 379 B (0.00327%)
clsx: 374 B (0.00323%)
void-elements: 338 B (0.00292%)
@emotion\memoize: 202 B (0.00174%)
<self>: 1.65 MB (15.0%)
